point1:
	latitude: 49.89987904060393
	longitude: 8.899683563717149
point2:
	latitude: 49.899952721991454
	longitude: 8.899852111215651
point3:
	latitude: 49.90005067876767
	longitude: 8.899851656742777
point4:
	latitude: 49.90012657428299
	longitude: 8.899685886482924
